5310
5310
5310
5310
5310
5310
5310
5310
5310
5310
5310
5310
5310
5310
5310
5310
INS:92035
6997
6997
6997
6997
INS:83013
6740
6740
6740
6741
6742
6743
INS:85009
9880
9880
9880
9880
INS:44001
2630
INS:11001
3200
3200
3201
3202
INS:24001
1790
1790
1790
INS:23105
6250
6250
6250
6250
INS:52074
3570
INS:73001
9300
9308
9308
9310
9310
9310
9310
9320
9320
INS:41002
8690
8690
8690
8690
8691
8691
8691
8691
8691
INS:38002
4540
4540
4540
4540
4540
INS:61003
4770
4770
4771
INS:63001
5300
5300
5300
5300
5300
5300
5300
5300
5300
5300
INS:92003
1070
INS:21001
6150
INS:56001
5537
5537
5537
5537
5537
5537
5537
INS:91005
4430
4431
4432
4432
INS:62003
4160
4161
4162
4163
INS:61079
7640
7640
7640
7641
7642
7643
INS:57003
2000, 2018, 2020,
2030, 2050, 2060
2040
2100
2140
2170
2180
2600
2610
2660
INS:11002
8570
8570
8570
8570
8572
8573
INS:34002
8850
8851
INS:37020
2370
INS:13001
6700
6700
6700
6700
6704
6706
INS:81001
3665
3668
INS:71002
1730
1730
1730
1730
1731
1731
INS:23002
9960
9961
9968
9968
INS:43002
5330
5336
5332
5334
5330
5330
5333
INS:92006
7800
7800
7801
7802
7803
7804
7804
7810
7811
7812
7812
7812
7812
7812
7812
7822
7822
7822
7823
INS:51004
6717
6717
6717
6717
6717
INS:81003
6790
6791
6792
6792
INS:81004
4880
INS:63003
9700
9700
9700
9700
9700
9700
9700
9700
9700
9700
9700
9700
9700
INS:45035
1160
INS:21002
8580
8581
8581
8582
8583
INS:34003
4340
4340
4340
4340
4342
INS:62006
4920
4920
4920
4920
INS:62009
4837
4837
INS:63004
2387
INS:13002
2490
2491
INS:13003
4690
4690
4690
4690
4690
4690
INS:62011
6600
6600
6600
6600
6600
INS:82003
6500
6500
6500
6500
6500
6500
6500
6511
INS:56005
5570
5570
5570
5570
5570
5572
5576
5570
5570
5573
5574
5570
5570
5571
5570
INS:91013
1320
1320
1320
1320
INS:25005
8730
8730
8730
INS:31003
1650
1651
1652
1653
1654
INS:23003
2340
2340
INS:13004
3130
3130
INS:24007
3460
3460
3461
INS:24008
7970
7971
7971
7971
7971
7972
7972
7972
7973
7973
INS:51008
1082
INS:21003
3580
3581
3582
3583
INS:71004
2590
2590
INS:12002
9290
9290
9290
INS:42003
4257
4257
4257
INS:64008
7320
7321
7321
7322
7322
INS:51009
3060
3060
3061
INS:24009
6687
6686
6688
INS:82005
6880
6880
6880
6880
6880
INS:84009
9120
9120
9120
9120
9120 / 9130
9130
9130
9130
INS:46003
4610
4610
4610
INS:62015
3360
3360
3360
3360
INS:24011
1547
INS:23009
5555
5555
5555
5555
5555
5555
5555
5555
5555
5555
INS:91015
3740
3740
3740
3740
3740
3740
3740
3740
3740
3740
3740
3742
3746
INS:73006
7130
7130
7130
7131
7133
7134
7134
7134
7134
INS:56011
8370
8370
INS:31004
4671
4671
4670
4672
4671
4670
INS:62119
3950
3950
3950
INS:72003
2530
2531
INS:11004
2820
INS:12005
2850
INS:11005
3190
3191
INS:24014
3840
3840
3840
3840
3840
3840
3840
3840
3840
3840
3840
3840
3840
INS:73009
2880
2880
2880
2880
INS:12007
2150
INS:11007
6830
6834
6838
6836
6830
6830
6830
6830
6832
6833
6833
INS:84010
3970
3971
INS:71034
7300
7301
INS:53014
3370
3370
3370
3370
3370
3370
INS:24016
1420
1421
1428
INS:25014
1440
1440
INS:25015
7090
7090
7090
7090
7090
7090
INS:55004
4260
4260
4260
4260
4260
4261
4263
4260
INS:64015
9660
9660
9660
9660
9660
9660
9661
INS:45059
2930
INS:11008
2960
2960
2960
INS:11009
8450
INS:35002
3960
3960
3960
3960
3960
INS:72004
7940
7940
7941
7942
7943
INS:51012
8000
8000
8200
8200
8310
8310
8380
8380
INS:31005
7620
7620
7620
7620
7620
7620
7621
7622
7623
7624
INS:57093
1000, 1040
1020
1120
1130
INS:21004
9255
9255
INS:42004
4760
4760
4761
INS:63012
4210
4210
4210
4210
INS:61010
4790
4791
INS:63087
4750
4750
INS:63013
7760
7760
7760
7760
7760
7760
INS:57018
5630
5630
5630
5630
5630
5630
INS:93010
7160
6168
7160
6168
7160
6158
INS:52010
6000
6010
6020
6060
6041
6030
6040
6042
6030
6001
6031
6032
6061
6043
6044
INS:52011
1450
1450
1450
1450
INS:25117
6200
6200
6200
INS:52012
4050
4051
4052
4053
INS:62022
1325
1325
1325
1325
1325
INS:25018
7950
7950
7950
7950
7950
7951
INS:51014
6460
6464
6460
6464
6464
6464
6463
6464
6460
6460
6460
6462
6460
6461
INS:56016
6810
6810
6810
6811
6812
6813
INS:85007
5590
5590
5590
5590
5590
5590
5590
5590
5590
INS:91030
4560
4560
4560
4560
4560
INS:61012
7340
7340
7340
INS:53082
4170
4171
INS:62026
7780
7780
7781
7782
7783
7784
7784
INS:54010
6180
6181
6182
6183
INS:52015
8500
8501
8501
8510
8510
8510
8510
8511
INS:34022
1490
INS:25023
5660
5660
5660
5660
5660
5660
5660
5660
5660
5660
5660
5660
5660
5660
INS:93014
8670
8670
8670
INS:38014
1950
INS:23099
4367
4367
4367
4367
4367
INS:64021
4607
4607
4607
4607
4607
4608
4606
4608
INS:62027
8340
8340
8340
8340
8340
8340
INS:31006
6929
6929
6929
6929
INS:84016
8540
INS:34009
9800
9800
9800
9800
9800
9800
9800
9800
9800
9800
9800
INS:44011
9470
9472
9473
INS:41011
8720
8720
8720
8720
INS:37002
9840
9840
INS:44012
2480
INS:13006
9070
9070
INS:44013
3590
INS:71011
3290
3290
3290
3290
3293
3294
INS:24020
1700
1700
1700
1701
1702
1703
INS:23016
3650
3650
3650
3650
3650
INS:72041
5500
5500
5500
5500
5500
5500
5504
5500
5501
5503
5502
INS:91034
4820
4821
INS:63020
8600
8600
8600
8600
8600
8600
8600
8600
8600
8600
8600
8600
8600
8600
8600
INS:32003
5680
5680
5680
5680
5680
5680
5680
5680
5680
5680
INS:93018
4357
4357
4357
4357
INS:64023
7370
7370
7370
7370
INS:53020
1620
INS:23098
2570
INS:12009
6940
6940
6941
6941
6941
6940
6941
6941
6940
6941
6941
6940
INS:83012
7190
7190
7191
INS:55050
2650
INS:11013
9900
INS:43005
7890
7890
7890
INS:51017
7850
7850
7850
INS:55010
4480
4480
INS:61080
9420
9420
9420
9420
9420
9420
9420
9420
INS:41082
6560
6560
6560
6560
6560
6560
INS:56022
4130
4130
INS:62032
8587
8587
INS:34043
2910
INS:11016
Estaimpuis
7730
7730
7730
7730
7730
7730
7730
INS:57027
7120
7120
7120
7120
7120
7120
7120
7120
7120
INS:56085
1040
INS:21005
4700
4701
INS:63023
1140
INS:21006
9940
9940
9940
9940
INS:44019
4317
4317
4317
4317
4317
INS:64076
6240
6240
INS:52018
6637
6637
6637
INS:82009
5380
5380
5380
5380
5380
5380
5380
5380
5380
5380
INS:92138
4190
4190
4190
4190
INS:61019
4347
4347
4347
4347
4347
INS:64025
4400
4400
4400
4400
4400
INS:62120
4620
4623
4621
4624
INS:62038
6220
6220
6220
6220
6221
6222
6223
6224
INS:52021
7880
INS:51019
5150
5150
5150
5150
INS:92045
5620
5620
5620
5621
5621
5620
5621
5620
5620
5620
5621
INS:93022
6820
6820
6820
6820
6821
6823
6824
INS:85011
6140
6141
6142
INS:52022
1190
INS:21007
5070
5070
5070
5070
5070
5070
INS:92048
3798
3790
3792
3790
3791
3793
INS:73109
7080
7080
7080
7080
7080
INS:53028
7910
7910
7910
7910
7910
7910
7911
7911
7911
7911
7911
7911
7911
7912
7912
INS:51065
6440
6440
6440
6440
6441
INS:56029
8630
8630
8630
8630
8630
8630
8630
8630
8630
8630
8630
INS:38025
1570
1570
1570
INS:23023
9000
9030
9031
9032
9040
9041
9042
9042
9042
9050
9050
9051
9051
9052
INS:44021
1083
INS:21008
9890
9890
9890
9890
9890
9890
INS:44020
5575
5575
5575
5575
5575
5575
5575
5575
5575
5575
5575
5575
INS:91054
2440
INS:13008
4250
4250
4253
4250
4250
4254
4252
INS:64029
3450
3450
3454
INS:24028
5030
5030
5032
5032
5032
5030
5031
5030
5032
5030
5032
5030
INS:92142
1470
1470
1470
1473
1476
1471
1472
1474
INS:25031
3600
INS:71016
6280
6280
6280
6280
6280
6280
INS:52025
5340
5340
5340
5340
5340
INS:92054
3890
3890
3890
3890
3890
3890
3890
3891
3891
3891
3891
INS:71017
8470
8470
8470
8470
INS:35005
3380
3380
3381
3384
INS:24137
1755
1755
1755
1755
INS:23024
6672
6671
6673
6670
6674
INS:82037
4460
4460
4460
4460
4460
4460
INS:62118
9500
9500
9500
9500
9500
9500
9500
9500
9500
9506
9506
9506
9506
9506
9506
9506
INS:41018
Grez-Doiceau
1390
1390
1390
1390
1390
INS:25037
1850
1851
1852
1853
INS:23025
2280
2288
INS:13010
3150
3150
3150
INS:24033
9450
9450
9450
9451
INS:41024
6720
6720
6721
6723
6724
6724
INS:85046
1500
1501
1502
INS:23027
3545
3545
3545
INS:71020
3945
3945
INS:71069
9220
9220
INS:42008
4180
4181
INS:61024
5360
5362
5363
5361
5360
5364
5361
INS:91059
3930
3930
INS:72037
6120
6120
6120
6120
6120
INS:56086
4280
4280
4280
4280
4280
4280
4280
4280
4280
4280
4280
4280
4280
4280
4280
4280
4280
4280
INS:64034
8530
8531
8531
INS:34013
3500
3500
3501
3510
3510
3511
3511
3512
INS:71022
5544
5542
5540
5541
5543
5540
5540
INS:91142
9520
9520
9520
9520
9521
INS:41063
5370
5370
5370
5370
5374
5372
5376
5370
5370
INS:91064
3940
3941
INS:72038
3870
3870
3870
3870
3870
3870
3870
3870
3870
3870
3870
3870
INS:73022
2220
2220
2221
2222
2222
2223
INS:12014
1357
1357
1357
INS:25118
2620
INS:11018
7350
7350
7350
7350
INS:53039
6887
6887
6887
INS:84029
3540
3540
3540
3540
INS:71024
2200
2200
2200
INS:13011
2270
INS:13012
3020
3020
3020
INS:24038
1540
1540
1541
INS:23032
4217
4217
4218
INS:61028
2230
2230
INS:13013
4040
4041
4042
4041
INS:62051
3717
INS:73028
4650
4651
4653
4650
4654
4650
4650
4652
INS:63035
9550
9550
9550
9550
9550
9550
9551
9552
INS:41027
3550
3550
INS:71070
8950
8951
8952
8953
8954
8956
8958
INS:33039
3320
3320
3321
INS:24041
1560
INS:23033
3730
3730
3730
3730
3732
INS:73032
3220
3220
3220
3221
INS:24043
7387
7387
7387
7387
7387
7387
7387
7387
7387
7387
INS:53083
8830
8830
INS:36006
2320
2321
2322
2323
2328
INS:13014
9667
9667
INS:45062
6990
6990
6990
6990
INS:83028
6660
6663
6661
6660
6661
6662
6666
INS:82014
3530
3530
INS:72039
8650
8650
8650
8650
INS:32006
5560
5561
5560
5562
5560
5563
5560
5560
5560
5564
INS:91072
2540
INS:11021
3040
3040
3040
3040
3040
INS:24045
2235
2235
2235
INS:13016
4500
4500
4500
INS:61031
8480
8480
8480
INS:35006
1315
1315
1315
1315
1315
INS:25043
8770
INS:36007
1460
1460
1461
INS:25044
1050
INS:21009
8870
8870
8870
INS:36008
8490
8490
8490
8490
8490
INS:31012
4845
4845
INS:63038
5190
5190
5190
5190
5190
5190
5190
5190
INS:92140
1090
INS:21010
Jodoigne
1370
1370
1370
1370
1370
1370
1370
1370
1370
1370
INS:25048
4450
4458
4450
4452
4450
4453
4451
4452
INS:62060
7050
7050
7050
7050
7050
7050
INS:53044
2920
INS:11022
1910
1910
1910
1910
INS:23038
2950
INS:11023
1880
1880
1880
INS:23039
9970
9971
INS:43007
2460
2460
2460
INS:13017
3140
INS:24048
3640
3640
3640
3640
INS:72018
9690
9690
9690
9690
INS:45060
9910
9910
INS:44029
8300
8300
8301
8301
INS:31043
8680
8680
8680
INS:32010
1081
INS:21011
2550
2550
INS:11024
8610
8610
8610
8610
INS:32011
3470
3470
3471
3472
3473
INS:24054
3070
3071
3078
3078
INS:24055
3720
3721
3722
3723
3724
INS:73040
9150
9150
9150
INS:46013
9770
9771
9772
INS:45017
8520
INS:34023
2430
2430
2431
2431
INS:13053
5081
5080
5081
5080
5081
5080
5080
INS:92141
4720
4721
4728
INS:63040
9270
9270
INS:42010
9830
9831
INS:44064
1310
INS:25050
7100
7100
7100
7100
7100
7110
7110
7110
7110
7110
INS:55022
3620
3620
3620
3620
3621
INS:73042
3400
3400
3400
3400
3400
3400
3400
3400
3401
3401
3401
3401
3404
3404
INS:24059
8920
8920
8920
INS:33040
8660
8660
INS:38008
6980
6980
6986
6984
6983
6982
INS:83031
1380
1380
1380
1380
1380
INS:25119
3440
3440
3440
3440
3440
INS:24130
9280
9280
9280
INS:42011
8420
8420
8421
INS:35029
8880
8880
8880
INS:36010
9340
9340
9340
9340
9340
INS:41034
1600
1600
1600
1601
1602
INS:23077
6860
6860
6860
6860
6860
INS:84033
8860
INS:34025
1750
1750
1750
INS:23104
Lens
7870
7870
7870
7870
7870
INS:53046
7070
7070
7070
7070
7070
INS:55035
6210
6210
6210
6210
6211
INS:52075
7860
7861
7861
7862
7863
7864
7866
7866
INS:55023
7900
7900
7901
7903
7903
7903
7904
7904
7904
7906
INS:57094
6890
6890
6890
6890
6890
6890
6890
INS:84035
Libramont
6800
6800
6800
6800
6800
6800
6800
6800
INS:84077
8810
INS:36011
1770
INS:23044
4000, 4020
4000
4000
4020
4020
4020
4030
4031
4032
4000
INS:62063
9570
9570
9571
9572
INS:45063
Lierneux</span>
4990
4990
4990
INS:63045
2500
2500
INS:12021
2275
2275
2275
2275
INS:13019
4830
4831
4834
INS:63046
4287
4287
4287
INS:64047
1630
INS:23100
2547
INS:11025
3350
3350
3350
3350
3350
3350
3350
INS:24133
6540
6540
6542
6543
INS:56044
9080
9080
9080
9080
INS:44034
9160
9160
9160
INS:46014
3920
INS:72020
1840
1840
1840
INS:23045
4710
4710
4711
INS:63048
8647
8647
8647
8647
INS:32030
3000
3001
3010
3012
3018
INS:24062
9920
9921
INS:44036
3210
3210
3211
3212
INS:24066
3560
3560
3560
INS:71037
9680
9680
9681
9688
INS:45064
3680
3680
3680
INS:72021
3630
3630
3630
3630
3630
3630
3631
3631
INS:73107
1830
1831
INS:23047
9990
9991
9992
INS:43010
2800
2800
2801
2811
2811
2812
INS:12025
2390
2390
INS:11057
4960
4960
4960
INS:63049
7170
7170
7170
7170
7170
INS:52043
6960
6960
6960
6960
6960
6960
INS:83055
6900
6900
6900
6900
6900
6900
6900
INS:83034
4570
4570
INS:61039
6630
INS:81013
2450
INS:13021
3670
3670
3670
3670
3670
INS:72040
-Sint-Brixius-Rode
<b>Wolvertem</b>
-Oppem
-Meuzegem
-Rossem
-Imde
-Westrode</span>
1860
1860
1861
1861
1861
1861
1861
1861
INS:23050
6769
6769
6769
6769
6769
INS:85024
9090
9090
INS:44040
8930
8930
8930
INS:34027
6567
6567
6567
6567
INS:56049
1785
1785
1785
INS:23052
9820
9820
9820
9820
9820
9820
INS:44043
2330
INS:13023
6780
6782
6780
6781
6780
INS:81015
8957
INS:33016
5640
5640
5640
5644
5641
5640
5640
5640
5646
INS:92087
8760
INS:37007
8430
8431
8432
8433
8433
8433
8433
8434
8434
INS:35011
4577
4577
4577
4577
INS:61041
9180
INS:44045
2400
INS:13025
1080
INS:21012
6590
6591
6592
6593
6594
6596
6596
INS:56051
7000
7011
7012
7012
7020
7020
7021
7022
7022
7022
7022
7022
7024
7030
7031
7032
7033
7034
7034
INS:53053
7750
7750
7750
7750
INS:57095
6110
6111
INS:52048
1435
1435
INS:25068
8890
8890
INS:36012
7140
7141
7141
INS:56087
2640
INS:11029
7700
7711
7712
7700
INS:54007
6750
6750
INS:85026
5000
5000
5001
5021
5004
5020
5022
5020
5100
5101
5020
5024
5100
5101
5101
5020
5024
5100
5020
5003
5002
5020
5020
5020
5100
5100
INS:92094
4550
4550
4550
4550
INS:61043
6950
6953
6951
6953
6952
6950
6953
6953
INS:83040
9810
9810
INS:44048
3910
3910
INS:72025
6840
6840
6840
6840
6840
6840
INS:84043
4120
4121
4122
4120
INS:62121
9850
9850
9850
9850
9850
9850
INS:44049
2845
INS:11030
8620
8620
8620
INS:38016
3850
3850
3850
3850
INS:71045
2560
2560
2560
INS:12026
9400
9400
9400
9400
9400
9400
9400
9401
9402
9403
9404
9406
INS:41048
1400
1400
1401
1404
1402
INS:25072
5350
5350
5353
5351
5354
5352
INS:92097
2250
INS:13029
4877
INS:63057
5520
5520
5522
5524
5521
5523
5523
INS:91103
9860
9860
9860
9860
9860
9860
INS:44052
8020
8020
8020
8020
INS:31022
8780
INS:37010
3660
INS:71047
1745
1745
INS:23060
4360
4360
4360
4360
4360
INS:64056
1350
1350
1350
1350
1350
1350
1350
INS:25120
8400
8400
8400
INS:35013
1340
1341
1342
1348
INS:25121
8460
8460
8460
8460
INS:35014
3050
3051
3052
3053
3054
INS:24086
4590
4590
4590
INS:61048
4680
4680
4681
4682
4682
4683
4684
INS:62079
3090
INS:23062
3900
INS:72029
6850
6850
6850
6851
6852
6852
6853
6856
INS:84050
7740
7740
7742
7743
7743
INS:57062
3990
3990
3990
3990
INS:72030
1670
1670
1670
1671
1673
1674
INS:23064
4860
4860
4861
4860
INS:63058
7600
7601
7602
7603
7604
7604
7604
7604
7604
7608
INS:57064
1360
1360
1360
1360
1360
INS:25084
5600
5600
5600
5600
5600
5600
5600
5600
5600
5600
5600
5600
5600
5600
5600
5600
5600
INS:93056
8740
8740
INS:37011
4851
4852
4850
4850
4851
INS:63088
6230
6230
6238
6238
6230
6230
6230
INS:52055
8970
8970
8972
8972
8972
8978
INS:33021
5170
5170
5170
5170
5170
5170
INS:92101
2580
2580
INS:12029
2870
2870
2870
2870
INS:12030
7390
7390
INS:53065
7040
7040
7040
7040
7040
7040
7040
7040
7041
7041
INS:53084
7380
7380
7382
INS:53068
4730
4730
4731
INS:63061
Ramillies</span>
1367
1367
1367
1367
1367
INS:25122
2520
2520
2520
2520
INS:11035
2380
2381
2382
INS:13035
1430
1430
1430
INS:25123
4350
4351
4350
4350
4350
INS:64063
9600
INS:45041
6987
6987
6987
6987
INS:83044
2470
INS:13036
1640
INS:23101
3770
3770
3770
3770
3770
3770
3770
3770
3770
3770
INS:73066
2310
INS:13037
1330
1332
1331
INS:25091
5580
5580
5580
5580
5580
5580
5580
5580
5580
5580
5580
INS:91114
1760
1760
1760
1761
INS:23097
3110
3111
3118
INS:24094
8800
8800
8800
8800
INS:36015
6767
6767
6767
6767
INS:85047
8755
INS:37012
7610
7611
7618
INS:57072
2840
2840
2840
INS:11037
2890
2890
2890
INS:12034
6680
6680
6681
INS:82038
4470
INS:64065
7330
7331
7332
7332
7333
7334
7334
INS:53070
1060
INS:21013
9170
9170
9170
9170
INS:46020
6870
6870
6870
6870
6870
6870
INS:84059
1210
INS:21014
9980
9981
9982
9988
9988
INS:43014
6747
6747
6747
INS:85034
9100
9100
9111
9112
INS:46021
4420
4420
4420
INS:62093
3800
3800
3800
3800
3800
3800
3800
3800
3800
3800
3803
3803
3803
3803
3806
INS:71053
4780
4780
4782
4783
4784
INS:63067
5060
5060
5060
5060
5060
5060
5060
INS:92137
1030
INS:21015
2627
INS:11038
3270
3271
3271
3272
3272
INS:24134
2970
2970
INS:11039
2900
INS:11040
7180
7181
7181
7181
7181
INS:52063
4100
4100
4101
4102
INS:62096
Silly
7830
7830
7830
7830
7830
7830
7830
7830
INS:55039
6470
6470
6470
6470
6470
INS:56088
7060
7060
7061
7061
7062
7063
7063
INS:55040
5140
5140
5140
5140
INS:92114
5377
5377
5377
5377
5377
5377
5377
5377
5377
INS:91120
4630
4630
4632
4630-4631
4633
4630
INS:62099
4900
INS:63072
4140
4140
4140
4141
4140
INS:62100
2940
2940
INS:11044
8840
8840
8840
INS:36019
4970
4970
INS:63073
1820
1820
1820
INS:23081
9190
9190
INS:46024
4987
4987
4987
4987
4987
INS:63075
9140
9140
9140
9140
INS:46025
6927
6927
6927
6927
INS:84068
6970
6971
6972
INS:83049
9200
9200
9200
9200
9200
9200
9200
9200
INS:42006
1740
1741
1742
INS:23086
3080
3080
3080
3080
INS:24104
3980
INS:71057
4910
4910
4910
INS:63076
4890
4890
INS:63089
6530
6530
6531
6532
6533
6534
6536
6536
INS:56078
8700
8700
8700
8700
INS:37015
3390
3390
3390
3391
INS:24135
4557
4557
4557
4557
4557
4557
INS:61081
6730
6730
6730
6730
INS:85039
3300
3300
3300
3300
3300
3300
3300
3300
3300
INS:24107
3700
3700
3700
3700
3700
3700
3700
3700
3700
3700
3700
3700
3700
3700
3700
3700
3700
INS:73083
8820
INS:31033
7500
7500
7500
7501
7502
7503
7504
7506
7520
7520
7521
7522
7522
7522
7522
7530
7531
7532
7533
7534
7534
7536
7538
7540
7540
7540
7540
7542
7543
7548
INS:57081
3120
3128
INS:24109
4983
4980
4980
INS:63086
4870
4870
4870
INS:62122
1480
1480
1480
1480
INS:25105
2300
INS:13040
1180
INS:21016
6640
6640
6642
6640
6640
6640
6640
INS:82036
4537
4537
4537
4537
INS:61063
4800
4800
4800
4800
4800
4801
4802
INS:63079
6690
6690
6698
6692
INS:82032
2360
INS:13031
1495
1495
1495
1495
1495
INS:25107
4530
4530
4530
4530
4530
INS:61068
1800
1800
INS:23088
5670
5670
5670
5670
5670
5670
5670
5670
INS:93090
6760
6760
6760
6760
6761
6762
INS:85045
4600
4600
4600
4600
4601
4602
INS:62108
8640
8640
8640
INS:33041
2290
INS:13044
2350
INS:13046
5550
5550
5550
5550
5550
5550
5550
5550
5550
5550
5550
5550
INS:91143
9950
INS:44072
9250
INS:42023
9185
INS:44073
5650
5651
5650
5650
5650
5650
5650
5651
5651
5650
5651
5651
5651
5651
5650
5650
INS:93088
1457
1457
1457
INS:25124
4520
4520
4520
4520
4520
4520
4520
INS:61072
8790
8791
8792
8793
INS:34040
4300
4300
4300
4300
4300
4300
4300
INS:64074
4219
4219
4219
4219
INS:64075
1410
INS:25110
1170
INS:21017
2860
2861
INS:12035
1300
1300
1301
INS:25112
4950
4950
4950
INS:63080
4840
4841
INS:63084
3830
3830
3831
3832
INS:73098
Wellin</span>
6921
6922
6924
6920
6920
INS:84075
1780
INS:23102
8940
8940
INS:33029
2260
2260
2260
2260
INS:13049
2990
2990
INS:11053
9230
9230
9230
INS:42025
8560
8560
8560
INS:34041
1970
INS:23103
9260
9260
9260
INS:42026
8710
8710
8710
INS:37017
2110
INS:11050
2830
2830
2830
2830
INS:12040
8750
8750
INS:37018
1200
INS:21018
1150
INS:21019
2160
INS:11052
9790
9790
9790
9790
9790
INS:45061
8900
8900
8900
8900
8902
8902
8902
8904
8904
8906
8908
INS:33011
5530
5530
5530
5530
5530
5530
5530
5530
5530
INS:91141
2240
2240
2240
2242
2243
INS:11054
1930
1930
1932
1933
INS:23094
8210
8210
8210
8211
INS:31040
9240
INS:42028
9060
INS:43018
1980
1980
1981
1982
1982
INS:23096
9750
9750
9750
INS:45057
2980
2980
INS:11055
9930
9931
9932
INS:44080
3520
INS:71066
8980
8980
8980
8980
8980
INS:33037
9620
9620
9620
9620
9620
9620
9620
9620
9620
9620
9620
INS:41081
8377
8377
8377
8377
INS:31042
9870
9870
9870
INS:44081
3690
INS:71067
9630
9630
9630
9630
9630
9630
9630
9630
9630
9630
9630
9636
INS:45065
8550
8551
8552
8553
8554
INS:34042
2070
2070
INS:11056
